Genus	LP1	LP10	LP100	LP101	LP102	LP103	LP104	LP105	LP106	LP107	LP108	LP109	LP11	LP110	LP111	LP112	LP113	LP114	LP115	LP116	LP117	LP118	LP119	LP12	LP120	LP121	LP122	LP123	LP124	LP125	LP126	LP127	LP128	LP129	LP13	LP130	LP131	LP132	LP133	LP134	LP135	LP136	LP137	LP138	LP139	LP14	LP140	LP141	LP142	LP143	LP144	LP145	LP146	LP147	LP148	LP149	LP15	LP150	LP151	LP152	LP153	LP154	LP155	LP156	LP157	LP158	LP159	LP16	LP160	LP161	LP162	LP163	LP164	LP165	LP166	LP167	LP168	LP169	LP17	LP170	LP171	LP172	LP173	LP174	LP175	LP176	LP177	LP178	LP179	LP18	LP180	LP181	LP182	LP183	LP184	LP185	LP186	LP187	LP188	LP189	LP19	LP190	LP191	LP192	LP193	LP194	LP195	LP196	LP197	LP198	LP199	LP2	LP20	LP200	LP201	LP21	LP22	LP23	LP24	LP25	LP26	LP27	LP28	LP29	LP3	LP30	LP31	LP32	LP33	LP34	LP35	LP36	LP37	LP38	LP39	LP4	LP40	LP41	LP42	LP43	LP45	LP46	LP47	LP48	LP49	LP5	LP50	LP51	LP52	LP53	LP54	LP55	LP56	LP57	LP58	LP59	LP6	LP60	LP61	LP62	LP63	LP64	LP65	LP66	LP67	LP68	LP69	LP7	LP70	LP71	LP72	LP73	LP74	LP76	LP77	LP78	LP79	LP8	LP80	LP81	LP82	LP83	LP84	LP85	LP86	LP87	LP88	LP89	LP90	LP91	LP92	LP93	LP94	LP95	LP96	LP97	LP98	LP99
Acrophormium	0	0.009366637	0	0	0	0.009090226	0.003500073	0	0	0	0.005795517	0.009362529	0.002091129	0	0.008275597	0.004632807	0	0.0034762	0	0	0	0.002862325	0.00234327	0	0	0.011376828	0.003016517	0.008012541	0	0.004886896	0	0.040388469	0.017092924	0.005481509	0	0.022700934	0	0	0	0.003426312	0	0	0	0	0	0.008998377	0	0	0	0	0.003536693	0	0	0	0	0.026706944	0.001153914	0	0	0	0.03968254	0.003790069	0	0.007267442	0	0	0	0	0	0	0	0	0	0	0.003958705	0.004299342	0.005462615	0.000770614	0	0	0	0	0.072622159	0.02382533	0.006799652	0.043153388	0.012688768	0	0	0.027926124	0.057439446	0.115437911	0.060103263	0.012724792	0.002892814	0.013473284	0.03763346	0.002405407	0	0.079545455	0.001188511	0.002420034	0	0.081221923	0	0	0	0	0	0	0	0	0	0	0	0.005715961	0.00130279	0.012106204	0	0	0.004817548	0.015137615	0.006011809	0	0	0	0.001866397	0	0	0	0	0.006097561	0	0	0	0	0.000507769	0	0	0	0	0	0	0	0	0	0.009470579	0	0	0.00419635	0	0	0	0	0	0	0	0.012037037	0	0	0	0.015490112	0	0.034722222	0	0	0	0	0	0	0	0	0	0	0	0	0	0	0.050572896	0.005659892	0.049175189	0.011232612	0.004990482	0.0061133	0	0	0	0	0	0	0	0	0	0	0	0	0	0.046180964
Algicola	0.004311189	0	0	0	0	0	0.001137524	0	0	0	0	0.002711552	0	0	0.114735694	0	0	0	0	0	0.1085724	0.036558408	0.006184696	0	0.001740883	0.001006114	0.006280289	0	0.01381062	0.001813693	0.005999281	0.005048559	0.002855925	0.036943871	0.001859427	0.003272207	0.010043309	0	0.040408526	0.010103229	0.077812543	0.096472613	0.185828995	0	0	0	0.008794326	0	0	0	0	0	0	0	0	0	0	0.010878584	0	0.018234165	0.007607192	0.00664868	0	0.003806755	0	0	0.093136095	0.001701114	0.077391749	0	0.020192036	0.011501013	0	0	0	0	0.024923182	0	0.000911961	0	0	0	0	0.00420447	0.00325481	0.061371841	0.002993477	0.012601765	0.002503129	0	0	0	0.001553963	0	0	0.005370899	0.001588282	0.015562986	0.031088226	0.070855615	0	0	0	0	0	0	0	0	0	0	0	0.122731201	0.047952625	0.002539123	0	0.009086912	0.074259038	0.019947723	0	0.014698163	0.013940139	0.016513761	0.005797101	0.027150801	0.006482849	0.033324918	0.041216269	0.01224458	0.003388893	0.004662334	0.010578766	0.006053053	0.024823923	0.006565083	0	0	0	0	0	0	0.001193674	0.002409192	0.012981661	0	0.006792059	0	0	0.002353587	0	0	0	0.0039417	0	0	0	0	0.019995403	0	0	0	0	0	0	0.004419192	0.078807619	0	0.027621542	0.010747873	0.01685308	0.005033557	0.034100782	0	0.013596341	0	0.048946958	0.018267293	0.06835842	0.03561982	0	0	0	0.00200848	0.00416731	0.004256668	0	0	0	0	0	0	0	0	0	0	0	0	0	0
Arcobacter	0	0	0	0	0	0	0.010966895	0.009241998	0	0	0	0	0	0	0.040544008	0	0	0.002883666	0	0	0.001133915	0.063878025	0.006107867	0	0	0	0.003016517	0	0	0	0.021232479	0	0.001534527	0	0	0	0.0015681	0	0.003142506	0	0.037341858	0	0.036471661	0	0	0	0.002893617	0	0	0	0	0	0	0	0	0	0	0	0.006204136	0	0	0.02078114	0	0.002145626	0.008876852	0.074937706	0.004467456	0	0	0	0.053515956	0	0.139137785	0	0.004308003	0	0.001463201	0	0	0	0	0	0	0	0.000290033	0.001385274	0	0.036401634	0	0	0	0	0.001503835	0	0.000837393	0.002977013	0	0.022225964	0.027205639	0	0.001320568	0	0	0.008086253	0	0	0	0	0	0	0	0	0.061096266	0	0	0	0.029855607	0.020498005	0.009684519	0	0	0	0	0.035001636	0	0.012370613	0.006687923	0.00249571	0.006916108	0.002331167	0.007129168	0	0.003579263	0	0	0	0	0	0	0	0	0	0.015402844	0	0	0	0	0	0	0	0	0	0	0	0	0	0	0	0	0	0	0	0	0	0.006514197	0	0.142961707	0	0.035528114	0	0.004235447	0.027146959	0.096574469	0	0	0.05238415	0.021192197	0	0	0	0	0	0.003086896	0.000905674	0	0	0	0	0	0	0	0	0	0	0	0	0	0
Flavobacteriaceae_UG	0	0.003122212	0.001631238	0.015986794	0.025482833	0.005709564	0.00352924	0.029788584	0.03248249	0	0	0	0	0	0.020656916	0	0.002656407	0	0.003260171	0	0.001927656	0.016947231	0.018707744	0	0	0.02739726	0	0.011008535	0	0.02171394	0.002377595	0.024895946	0.069522592	0.0239159	0	0	0	0	0	0	0	0	0	0	0	0	0	0	0	0	0	0	0	0	0	0.00937146	0.001420202	0.005116622	0	0.001268166	0.003655404	0	0	0.018341639	0	0	0	0	0	0	0.002178561	0	0	0.005275961	0.020298067	0	0	0	0	0	0	0	0.031915736	0.1188316	0.005865103	0.034086139	0.013492985	0.009888019	0	0	0.006314879	0.004085983	0.011429144	0.031204266	0.02068108	0.016204769	0.013985705	0.007216222	0.017540478	0	0.010564543	0.015888047	0	0	0	0	0	0	0	0	0	0	0	0	0	0.044408618	0.006188253	0.007428807	0	0	0	0.000840979	0	0.003053102	0	0.026129765	0.033439614	0.032678209	0.000760772	0.027338231	0.003449598	0	0.009236809	0	0	0	0	0	0	0	0	0	0.00159695	0	0.00973093	0	0	0.007570706	0.010604085	0	0.010672854	0	0	0	0	0	0	0	0	0	0.005250372	0	0.003249567	0.005892256	0	0	0	0	0.002125614	0	0.006841877	0.007346086	0	0	0.0224909	0	0	0	0	0	0.01696642	0	0.004270206	0.003622696	0	0	0	0	0	0	0	0	0	0	0	0.003958114	0	0.001586369
Hyphomonas	0.00989614	0.006021409	0	0.020852339	0.004399142	0	0.004929269	0	0	0	0	0	0.007594101	0	0.004105722	0.011381835	0.013602638	0.00991507	0	0	0.01729221	0.01334807	0.016518132	0.004377662	0.008521165	0.016097825	0.014637523	0.010451141	0.007500595	0.018892639	0.001575848	0.019307846	0.006436488	0.019072649	0.002510227	0.011861749	0.004928315	0.004540838	0.012501708	0.027103009	0.000612162	0.011930026	0.001411806	0	0	0.004130403	0	0	0	0	0.006483938	0	0	0	0	0.01963544	0.003905557	0.020466488	0.040693796	0.011824787	0.012645722	0.016637759	0.010731053	0.004741141	0.048747461	0	0	0.005188398	0	0	0.009158026	0	0	0.012763403	0.009625087	0.043351695	0.013656538	0	0.003016485	0	0	0	0.014017581	0.034078336	0.037962038	0.018260432	0	0.022365015	0.028933225	0.029149978	0.026211073	0.021957719	0.010125821	0.027508372	0.039357491	0.024675444	0.024971323	0.005364058	0.005975328	0.063057041	0.011819082	0	0	0	0	0	0	0	0	0	0	0.002917027	0.001444356	0	0	0.017147882	0.005319726	0.016508461	0.004988995	0.005849269	0.004612546	0.004357798	0.004723564	0.004361575	0.004103069	0.011991921	0.012131581	0.01715801	0.009405906	0.012079684	0.00505941	0.005207406	0.01085325	0	0	0.018148565	0	0	0	0	0	0.013590314	0	0	0.002873563	0	0.006132588	0.003020437	0.009474142	0.006148141	0.011678268	0.021083509	0.005287419	0.006185086	0.007001809	0	0.009193289	0.010978836	0.008318808	0.006653406	0.011519473	0.005204188	0.009477903	0.014941077	0	0.013607776	0	0.002463054	0	0	0.004126846	0.002759444	0	0	0	0.011551377	0	0.0024687	0.020248913	0.015693337	0.031581835	0.02462248	0.009672275	0.005207626	0	0	0	0	0	0	0	0	0	0	0	0.018988927	0.003536385	0.0153349
Kiloniella	0	0.002676182	0	0	0.006706009	0	0.005483448	0.034786403	0.006957176	0	0	0	0	0	0.039549654	0	0.017129248	0.011692672	0.00174488	0.005194957	0	0.010542425	0.009488322	0	0	0	0.002373652	0	0.01206445	0	0.054518813	0.00639741	0	0	0.059222759	0	0.010379331	0	0.000785626	0	0	0	0	0	0	0.001327629	0	0	0	0	0	0	0	0	0	0.002643232	0.011272856	0.079607265	0	0.018953935	0.001416057	0.004079142	0	0	0	0.076198973	0	0.005868844	0	0.010222239	0	0	0	0.005844628	0.027749748	0	0.008632883	0	0.013539109	0	0	0	0	0	0.021978022	0.003232306	0.002591368	0	0	0	0	0	0.002456263	0.013692174	0.001218027	0.020071817	0	0.004185409	0.084205309	0.134135472	0.026939584	0.06797138	0	0	0	0	0	0	0	0	0	0	0.035675598	0	0	0.00234501	0	0.003989545	0	0	0	0	0	0.131392433	0	0.026255996	0.051559219	0.012946498	0	0	0	0.00097917	0.013277912	0	0	0	0	0	0	0	0	0.020941438	0.027302699	0	0	0	0.002794597	0.032401051	0	0.008441495	0	0	0.003050434	0	0.002517505	0	0	0.010119048	0	0.006379038	0.016299663	0	0.008286395	0.002384961	0	0	0	0	0	0	0	0.085169855	0.008493824	0	0	0.037743452	0.006140303	0	0	0	0	0.003719408	0.006276689	0.006883123	0	0	0	0	0	0	0	0	0	0	0	0	0	0
Mastigocoleus	0	0.005575379	0	0.020417916	0	0.046352641	0.016187837	0	0	0.022870491	0.045872061	0.00189297	0.004512437	0.010322792	0.008339749	0.02299245	0	0.015168872	0.004408118	0.005953771	0	0	0	0.00295788	0	0	0.003065968	0.001532834	0	0.004534233	0.002018191	0	0	0	0	0	0	0	0	0	0	0	0	0	0	0.012096179	0	0	0	0	0	0	0	0	0	0.034979918	0	0	0	0	0.024138839	0.004817884	0	0.00231866	0.025803054	0	0	0.008250404	0	0	0	0	0	0	0.005200652	0.07264096	0.003219041	0	0	0	0	0	0	0	0	0	0	0	0	0.027036048	0	0.005542725	0	0	0	0	0	0	0	0	0.00165071	0	0	0	0	0	0	0	0	0	0	0	0.002383188	0	0	0.001758757	0	0.010592929	0	0	0	0	0	0	0	0	0	0	0	0	0	0	0.000692761	0	0	0	0	0	0	0	0	0.010995799	0.005975685	0	0.004179728	0	0	0	0.023554976	0	0	0.052250435	0.010168113	0.285797643	0.015577059	0	0	0.044312169	0.169545238	0.013512587	0.069195204	0.158819568	0	0	0	0.031789594	0	0	0	0	0	0	0	0	0	0	0.001956203	0	0	0.018266015	0.005799146	0	0	0	0	0	0	0	0	0	0	0	0	0	0	0.056115036	0.013697266	0.028143361
Microscilla	0.023907505	0.009812667	0	0.004170468	0.007027897	0	0.057547032	0.020348261	0.006722136	0	0.003663204	0	0	0	0.002020785	0	0.002610607	0.018210547	0	0	0	0.017967466	0.008066994	0.003904401	0	0.000928721	0.015626545	0	0.010715136	0.00141065	0.027812336	0.000886388	0.002941176	0	0.044998141	0	0.025350956	0	0	0	0	0	0	0	0	0.001032601	0	0	0	0	0	0	0	0	0	0.005732725	0.032309604	0.019221905	0	0.011824787	0.013304354	0.021262928	0	0	0	0.052757868	0.001272189	0.02993961	0	0.006284784	0	0	0.055114117	0.030992323	0.017775363	0	0.018728966	0	0.010803227	0	0	0	0	0	0	0	0	0	0	0	0	0	0	0.004737691	0.012357897	0	0	0.054602747	0.014070933	0	0.063387257	0.169191919	0	0	0	0	0	0	0	0	0	0.058556612	0.035097855	0	0	0.001758757	0	0.003439263	0	0	0	0	0.000644122	0.051902737	0.006893156	0.01350669	0.011120616	0.004289502	0	0	0	0.000445077	0.007158527	0	0	0.044316263	0	0	0	0	0	0.005065481	0.053214506	0	0.004963427	0.008084577	0.016612327	0.072333582	0.001564537	0.015711916	0.007656613	0.010083417	0.023996746	0.006593535	0.011879474	0.006890474	0.007584463	0.040608466	0	0.014198505	0.016691482	0.005449091	0.009586222	0.001893939	0.004390002	0	0	0.006493506	0.057594008	0	0.037304518	0.038184734	0.094583243	0.009185354	0.008905356	0	0	0.099806031	0.000691426	0	0	0.005281559	0.003807172	0.00366798	0	0	0	0	0	0	0	0	0	0	0	0.001202465	0.001842905	0.001292597
Muricauda	0.024005487	0	0.009940358	0.040401408	0.023390558	0	0.010675222	0.027170679	0.035726038	0.010810517	0.025806452	0	0.011776359	0.0063903	0.022389017	0.033459163	0.037418705	0.026071499	0.010285609	0	0.009808368	0.018109165	0.010256607	0.003431141	0.007879787	0.009209813	0.007022055	0.006479707	0.010834193	0.021210137	0.005059302	0.032603669	0.022293265	0.038483199	0.005764225	0	0.005824373	0.005437056	0.006763219	0.008302218	0.00098626	0.006137081	0.000529427	0	0	0.003982888	0	0	0	0	0.009234699	0	0	0	0	0.053207923	0.012693059	0.065778556	0.062441628	0.033657801	0.024962129	0.011370206	0.021164021	0.01733804	0	0.016304181	0	0.00893085	0	0.000908643	0.015613023	0	0	0.03462547	0.063688582	0.104482959	0.019119153	0	0.019501929	0	0	0	0.068741585	0.035258538	0.046405208	0.029510536	0.046510589	0.040175926	0.067658102	0.035157988	0.0375	0.033611654	0.013584641	0.078109885	0.049609216	0.046343185	0.026383129	0.01051163	0.036127327	0	0.021591284	0	0	0	0	0	0	0	0	0	0	0.005293863	0.003249801	0	0	0.045727686	0.007273912	0.037969459	0.009684519	0.009973753	0.013222632	0.00382263	0.008158884	0.005015811	0.005908419	0.01855592	0.032506416	0.041023241	0.00449547	0.056442498	0.004906094	0.013441339	0.017896317	0	0	0.078925155	0.002234183	0	0	0	0	0.021744502	0.013239233	0.00502624	0.009404389	0.009742952	0.019639807	0.009257443	0.021816601	0.036352103	0.044547564	0.064625539	0.009286876	0	0.006215089	0.02964506	0.010572282	0	0	0.026407847	0.047488441	0	0.028758666	0.01164422	0.034411952	0.030188679	0.003659758	0.017241379	0.006478061	0	0.011457428	0.003542529	0.002209017	0.031356899	0	0.065748825	0	0.020454946	0.014618728	0	0.043611144	0.05408019	0	0.01589458	0	0	0	0	0	0	0	0	0	0	0	0.031564708	0.017482692	0.042185664
Nodosilineaceae_UG	0	0	0.015190906	0.029888353	0	0	0.005395946	0	0.008555446	0	0.032476763	0.012074082	0.00583315	0	0.00705671	0.015900252	0.007602821	0	0.005969327	0.005136587	0	0	0.013060848	0.005087553	0	0.011647705	0.004005539	0.003205017	0.004563854	0.024938284	0.006579857	0.053414521	0.029028133	0.03112446	0	0.011589065	0.001157407	0	0	0	0	0	0	0	0	0.004130403	0	0	0	0	0	0	0	0	0	0.009268477	0	0.009772287	0	0.001679463	0.008265824	0	0	0	0	0	0	0.006464234	0	0	0	0	0	0	0.011371575	0	0	0	0.001332866	0	0	0	0.028193553	0.02662831	0.023138152	0.016119553	0.005450809	0.007704545	0.099977914	0.009902092	0.00350346	0.021247113	0.060654669	0.021431229	0.009972594	0.088113433	0.020338833	0	0.023460734	0	0.006536811	0	0	0	0	0	0	0	0	0	0	0	0.001588792	0	0	0.031071376	0	0.020635576	0.003521643	0.001724784	0.025522755	0.003287462	0.017176597	0	0	0	0.009798585	0.007721104	0	0.013633795	0	0.019850454	0.025516684	0	0	0	0	0	0	0	0	0	0	0.004361002	0	0	0.008616674	0	0	0.004245145	0	0.018975158	0	0.020480803	0	0	0	0.01712963	0	0	0	0	0	0.015642536	0	0.031903945	0	0	0	0	0.0178649	0	0	0	0	0.031564809	0.008802913	0	0	0.019723866	0.031699385	0.049840065	0.006225241	0.020966354	0	0	0	0	0	0	0	0	0	0	0	0.084072348	0.018777706	0.052408931
Paracoccaceae_UG	0.025181266	0.019625335	0.004587857	0	0.028862661	0	0.035613242	0.022212526	0.031824378	0.055953933	0.060142154	0	0.04853621	0.010322792	0.074672825	0.047357584	0.054639553	0.077503456	0.016943705	0	0	0.048999603	0.035994161	0.008045433	0.040864944	0.014549957	0.014588072	0.03978401	0.019644416	0.049020102	0.036935667	0.013026052	0.051108269	0.047794256	0.01431759	0.013497853	0.006832437	0	0.037129389	0.053854601	0.0083322	0.005219386	0.009000265	0	0	0.010030978	0.00306383	0	0	0	0	0	0	0	0	0.080498438	0.017486242	0.042269752	0.041761174	0.024917741	0.027991833	0.056015931	0	0.089320321	0	0.055649552	0	0.00893085	0	0.083519479	0.022794207	0	0	0.046883392	0.046184895	0.039544986	0.015753792	0	0.003647843	0.053349541	0	0	0.048309179	0.011802021	0.064387226	0.020737134	0.056116522	0.014598085	0.022896267	0.050734312	0.015181661	0.061893764	0.051932428	0.060176113	0.086429151	0.054629715	0.065825465	0.01582758	0.039596872	0	0.026609442	0	0	0	0	0	0	0	0	0	0	0.01426102	0.02404853	0	0	0.094533197	0.01541635	0.076076489	0	0.005924259	0.018347683	0	0.009876543	0.017228219	0.004841622	0.009088614	0.024651995	0.028934644	0.046822049	0.027903363	0.023073975	0.009302119	0.051726129	0.002998865	0	0.063449634	0.002437291	0	0	0	0	0	0.044817639	0	0	0.031094527	0	0.068685522	0	0.011613155	0	0	0	0	0	0	0.014019766	0	0	0	0	0	0.019009965	0.02448092	0.0338455	0	0.021380692	0	0	0	0	0	0	0	0.017030681	0.018603089	0.018801282	0.01904426	0.048893718	0	0.006504447	0	0	0.013358692	0	0	0.011951052	0	0	0	0	0	0	0	0	0.009218899	0.030930916	0.034253819
Parendozoicomonas	0.617675877	0.793264942	0.81556813	0.293236022	0.595761803	0.788671024	0.479159982	0.309666415	0.571334556	0.860386788	0.603663204	0.835874348	0.661567246	0.938117866	0.206280472	0.546042096	0.408033342	0.39529923	0.779410414	0.848704179	0.095645765	0.171116023	0.460663798	0.82702319	0.535275793	0.552163145	0.569330432	0.343947048	0.699103103	0.493979546	0.296204141	0.395675967	0.435251492	0.328965647	0.431294161	0.777080919	0.752762843	0.896636195	0.35079929	0.435273446	0.431709971	0.484255807	0.193917468	0.992096019	0.894838051	0.857353592	0.902524823	0.990376487	0.999820571	1	0.919147264	1	0.996153184	0.998010258	1	0.09162061	0.626309249	0.109477275	0.047565043	0.379010145	0.162616084	0.162137856	0.628958939	0.055370986	0.126908899	0.011628265	0.57760355	0.600408267	0.805311381	0.279104986	0.032073264	0.984447494	0.008622147	0.212586485	0.114763642	0.018988759	0.354240843	0.933727203	0.768642582	0.92450027	0.993172508	0.966356191	0	0.017260456	0.029808901	0.105700613	0.190822983	0.029009015	0.039534713	0.164886515	0	0.006679694	0.244473407	0.047773781	0.085185749	0.007304423	0.089561458	0.200538811	0.152880273	0.365641711	0.22423242	0.175820707	0.740691782	0.522731357	0.985714286	0.683673469	0.984216065	0	0.991085378	0.98572813	0.986709165	0.401685393	0.292193255	0.977666079	0.983882012	0.119155797	0.458039301	0.005640391	0.83110785	0.844169479	0.644321443	0.638685015	0.71969941	0.036419147	0.902182833	0.410881091	0.266505949	0.447980034	0.496576527	0.424837525	0.542966654	0.708607798	0.366354924	0.925676771	0.959939794	0.468064153	0.969940083	0.97532366	0.97417905	0.997411209	0.986048941	0.673770694	0.401040593	0.927119521	0.802573145	0.867330017	0.712932774	0.309810536	0.769056932	0.527373866	0.352590874	0.39957833	0.533554772	0.53051698	0.700888994	0.75178271	0.81176741	0.569444444	0.697908414	0.722751903	0.636940679	0.774444376	0.507257366	0.665263749	0.672803229	0.316066324	0.018221743	0.866547246	0.284579179	0.936851739	0.513683753	0.590968416	0.364923307	0.70904599	0.699557982	0.163801209	0.295766995	0.548404162	0.731232714	0.03018609	0.351200972	0.43561705	0.771672583	0.706154055	0.99890995	0.978997352	0.975983532	0.998249408	1	0.966293047	0.996364548	0.996117636	1	0.997522816	1	0.440202415	0.6547791	0.366157462
Phormidesmiaceae_UG	0	0	0	0	0	0	0.005104273	0	0	0.005215124	0	0	0.011996478	0	0.003913267	0.012640128	0.006961619	0.010705116	0	0	0.004762445	0.007226662	0.031845421	0	0	0.128898692	0	0.008813796	0	0.026953499	0.004091676	0.016533066	0.015558397	0.014717477	0.001022685	0.005794533	0	0	0	0	0	0	0	0	0	0.005458032	0	0	0	0	0	0	0	0	0	0.030139714	0.001508965	0.012722412	0.095663776	0.002364957	0.006224066	0.052836128	0.069826366	0.011385659	0.120213646	0.003999139	0	0.003742451	0	0	0	0	0	0.00464411	0.019560661	0.107035693	0.011754377	0	0.001332866	0	0	0	0.045854122	0.023013941	0.006219587	0	0.00755071	0.003368789	0	0.130618603	0.096193772	0.12396518	0.016792822	0.020538261	0.005379618	0.012337722	0.031942116	0.003343516	0	0	0.025156817	0	0.027539106	0.152740341	0	0	0	0	0	0	0	0	0	0	0	0	0	0.023524556	0.003668379	0	0	0.038914373	0.005582394	0	0	0	0	0.004679457	0	0	0	0.005385437	0.013970673	0	0	0	0	0	0	0	0	0	0	0	0.003591954	0	0	0	0	0	0.012374323	0	0	0	0.007080481	0	0	0.019642857	0	0	0.019277486	0	0.007257366	0.031916386	0	0.377358491	0	0	0	0	0	0	0	0.020524515	0	0	0	0	0.009383643	0.177514793	0.054582501	0.01978725	0.009415033	0	0	0	0	0	0	0	0	0	0	0	0	0.008767974	0.003636001	0
Pseudohaliea	0	0	0	0.021851514	0.008798283	0	0.004200088	0.009678315	0	0	0.008091853	0	0.013207132	0	0	0	0	0.013075252	0.007622371	0	0.005102619	0.008218557	0	0.00615239	0	0.015169105	0	0	0	0.022671167	0.00436814	0.016610143	0.014236999	0.023202553	0.002510227	0	0	0	0.008744364	0.011552822	0	0	0	0	0	0	0	0	0	0	0	0	0	0	0	0.026020391	0.003639269	0.029639532	0	0.007608994	0.019396694	0	0.012817647	0	0	0	0	0.002466616	0	0.013364631	0	0	0	0.012131552	0	0.025258632	0.011803151	0	0	0	0	0	0.043874238	0.03503725	0.027134156	0.023003946	0.02953266	0.018185221	0.045129942	0.023809524	0.051686851	0.021104992	0.029174395	0.020091777	0.018270402	0.022281558	0.051266214	0.00572487	0.011372398	0.131684492	0.011687025	0	0	0	0	0	0	0	0	0	0	0	0.001516574	0	0	0.018760076	0.005428292	0.056266336	0	0.002999625	0.008507585	0	0.006226516	0.007959874	0	0.008836152	0.006687923	0.016690064	0.005325403	0.018225487	0.002606363	0.004361759	0.011199631	0	0	0	0	0	0	0	0	0	0	0	0	0	0	0	0	0	0	0	0	0	0	0	0	0	0	0	0.003996552	0	0	0	0	0	0	0	0	0	0.002769331	0	0	0	0	0	0	0	0	0	0.025390855	0	0	0	0	0	0	0	0	0	0	0	0	0	0	0.021644371	0.009413757	0.019800235
Qipengyuania	0.051048403	0.014049955	0.019727787	0.031278509	0.030096567	0.012395763	0.023479656	0.02633771	0.036008085	0	0.024056862	0	0.011116003	0	0.014466256	0.021791352	0.024136668	0.03061426	0.012719258	0	0.010772196	0.03244913	0.021780885	0.006270705	0	0.02306323	0	0.016094757	0.010754822	0.034057131	0.006856321	0.035108679	0.028516624	0.0478318	0.002882112	0	0.010416667	0	0	0	0	0	0	0	0	0.004425431	0	0	0	0	0	0	0	0	0	0.046033435	0.005236996	0.027012077	0.010673783	0.018988209	0.024007113	0	0	0.017268826	0.013992327	0	0	0	0	0.020671639	0.004921935	0	0	0.041828579	0.027322829	0.016928658	0.011851924	0	0.002876184	0	0	0	0.043795042	0.044773918	0.026811898	0.030224163	0.024171209	0.052403381	0.053964514	0.005006676	0.047577855	0.027926808	0.032432703	0.045839018	0.02205136	0.053402081	0.042530663	0.012075145	0.034172266	0	0.01479036	0	0	0	0	0	0	0	0	0	0	0.00605013	0	0	0	0.053935219	0.008142438	0.031778787	0.006162876	0.0047994	0.009840098	0	0.009232421	0.008286992	0.003774824	0.024110073	0.040982969	0.030104508	0.007331074	0.027974004	0.002836336	0.007388286	0.028172266	0	0	0.075830051	0	0	0	0	0	0.00580677	0.008396868	0	0.019004702	0.015754561	0.015447912	0.026164045	0.007388092	0.028593735	0.026759474	0.033641947	0	0	0.012587523	0.010736319	0.021834061	0	0	0	0	0	0.018901646	0.007856341	0	0	0	0.00559785	0.003643909	0	0.011891833	0.00331879	0	0	0	0.013163197	0	0	0	0.009518909	0.025978606	0.031466191	0.015022894	0.014717203	0	0	0	0	0	0	0	0	0	0	0	0.033167994	0.030632067	0.042949471
Roseibacterium	0	0.013157895	0	0.029019506	0	0.046653144	0.006825142	0	0	0	0	0	0.019260401	0.008028838	0.007890685	0	0.006595218	0.012127197	0.018596749	0.020779827	0.008561061	0.020518052	0.027082053	0	0	0.026778113	0	0.004110782	0	0.033654088	0.003759918	0.030406968	0.031756181	0.028608973	0	0	0	0	0	0	0	0	0	0	0	0	0	0	0	0	0	0	0	0	0	0.010813223	0	0.046879321	0.015610407	0	0.022755714	0.009089741	0	0	0	0	0	0	0	0	0	0	0	0.013837551	0.026197314	0.022302835	0.012973711	0	0.004700105	0	0	0	0.002296666	0.055248211	0.022944797	0.031777349	0.051559289	0	0.029006847	0.0123498	0.04649654	0.012186889	0.007318663	0.01106288	0.020782582	0.034373753	0.032824495	0.006205951	0.006140544	0	0.013667877	0	0	0	0	0	0	0	0	0	0	0	0	0	0	0.035614832	0	0.01898473	0.006896552	0	0	0.004434251	0	0	0	0.015778844	0.012520414	0.010138824	0	0.023382311	0	0.002447926	0.017088096	0	0	0	0	0	0	0	0	0	0	0	0.005094044	0	0	0	0	0.009905338	0	0	0	0	0	0.00312475	0	0	0	0	0	0	0	0.018728956	0	0.023899371	0	0	0	0	0	0	0	0	0	0	0	0	0	0	0.030641433	0.03027598	0.01455986	0	0	0	0	0	0	0	0	0	0	0	0	0.042837818	0.030383025	0.02173913
Ruegeria	0.054869684	0.035682426	0.027221288	0.026456406	0.019849785	0	0.032404842	0.064257665	0.027499647	0.028139939	0.042755604	0.055817047	0.01364737	0.011032825	0.066301001	0.068576985	0.044517725	0.051787478	0	0.020896568	0.103639868	0.028821629	0.071757837	0.053596782	0.032893531	0.016987849	0.06923153	0.019578471	0.024724184	0.052597108	0.019269581	0.023277324	0.03456948	0.05601652	0.06061733	0.010771014	0.045064217	0.010874111	0.026711299	0.023984186	0	0.022827646	0.004441307	0	0	0.023307272	0	0.009623513	0	0	0.015030946	0	0	0	0	0.014451958	0.063021481	0.046372269	0.137958639	0.123217713	0.012678654	0.120318623	0.035397571	0.197674419	0.230497254	0.123696435	0.021923077	0.037849792	0	0.079771325	0.188425384	0	0	0.134900325	0.048125437	0.09033096	0.089840511	0	0.021536303	0	0	0	0.038884929	0.082245335	0.061325771	0.097892704	0.025243499	0.077294987	0.089302805	0.103805073	0.015397924	0.015597797	0.051030127	0.092496589	0.012789281	0.039990179	0.03388335	0.163928511	0.098303778	0	0.09158138	0	0	0	0	0.004816327	0	0	0	0.005726368	0	0.249027658	0.121759226	0	0	0.050564268	0.030398437	0.031228505	0.011592076	0.017397825	0.022652727	0.007798165	0.022544283	0.096826955	0.05522731	0.0521333	0.050314955	0.051318047	0.028978491	0.073113874	0.014105021	0.018248175	0.096986491	0	0.001042028	0.208075408	0.007514979	0.001650882	0	0	0	0.034964171	0.047856996	0.014117821	0.022008882	0.029228856	0.023133054	0.060094928	0.030421556	0.086513126	0.086697602	0.073333944	0.029690889	0	0.025096373	0.017787036	0.052631579	0.056679894	0	0.034158721	0.033069509	0	0.064937175	0.025603255	0.033491468	0	0.012327606	0.090909091	0.032440913	0	0.035784101	0.012678525	0.049625089	0.042125934	0.016315653	0.095768972	0.01945335	0.22659143	0.009383643	0.028813995	0.043650327	0.051550993	0.024849514	0.066340624	0	0	0	0	0	0.011289799	0	0	0	0	0	0.011022596	0.02375853	0.021386604
Vibrio	0.064079953	0	0	0	0	0	0.028904769	0.020308595	0.00206835	0	0	0	0	0	0.040960996	0	0.00366401	0.018289552	0	0	0.004195487	0.036048291	0.006607253	0	0	0	0.03075858	0.009266678	0.00488134	0.004383092	0.091675652	0.0172653	0.00630861	0.005781866	0.033748605	0.001704274	0.014112903	0	0.010452248	0.001888864	0.063018637	0.012216805	0.030618548	0	0	0	0.022978723	0	0	0	0	0	0	0.000707464	0	0.059249597	0.002751642	0.042269752	0	0.022689882	0.010636897	0.042590094	0	0	0.006620026	0.06364783	0.019289941	0.003997618	0.00692991	0	0.019223787	0	0.356551141	0	0.099549794	0	0.011510511	0	0	0	0	0	0	0	0.005671748	0.064772059	0	0.013381578	0	0.010569648	0.121799308	0.024267188	0	0.035197817	0	0.002792867	0.02969205	0.05024896	0.043947571	0.010472371	0.003499505	0.123211279	0.134611148	0.101527403	0	0.009142857	0	0	0	0	0	0.022904062	0.064634939	0	0.005899394	0.03077825	0.12593638	0.015683038	0.012765957	0.001949756	0.001845018	0.017431193	0.005689748	0.142514448	0	0.026634688	0.065323898	0.007487131	0.015561242	0.006004521	0.008202376	0.003694143	0.04248932	0.003160966	0	0.017304446	0.001015538	0	0	0	0	0	0.086441376	0	0	0.024461028	0	0.001922096	0	0.003513223	0	0	0	0	0	0	0.004826477	0	0	0	0	0	0	0	0	0	0.039178673	0	0.03016347	0	0.03480669	0.002274677	0.068635077	0	0	0.097179315	0.091235125	0.013401516	0	0	0	0	0	0.004301952	0	0	0	0	0	0	0	0	0	0	0	0	0	0
Winogradskyella	0	0.018956289	0.01687312	0.033233416	0.039270386	0.016302306	0.021146274	0.077823172	0.038123443	0	0.039693822	0	0.012656835	0.008356546	0.041442135	0.010237932	0.033113493	0.035117519	0.022913031	0.002159701	0.010261934	0.064444822	0.027658267	0.0093469	0.002290636	0.021128396	0	0.019264936	0.004405112	0.029472518	0.005584584	0.019192231	0.012872975	0.013140604	0.009111194	0	0.000709379	0	0.004850389	0.004656271	0.000544144	0	0	0	0	0.00604809	0	0	0	0	0	0	0	0	0	0.026466651	0.035061246	0.118051074	0.046497665	0.018645462	0.015016795	0.028778827	0	0.022494463	0.013917099	0.022241363	0	0	0	0.029152311	0.06664784	0	0.05545224	0.054181278	0.029961965	0.072461821	0.008193923	0	0.002735882	0	0	0	0.032074127	0.040274397	0.046276304	0.008689447	0.019211867	0.148601017	0.007362144	0.009457054	0.077681661	0.028033398	0.021605093	0.088130969	0.059657937	0.045023479	0.039486455	0.022538667	0.029738958	0.050356506	0.037702212	0	0	0	0	0	0	0	0	0	0	0	0.008305048	0	0	0.074454052	0.015959179	0.100288898	0.007483492	0	0.005330053	0.001223242	0.002791197	0.032929888	0	0.010350921	0.039894237	0.033068164	0.020402517	0.046693981	0.003756228	0.003115542	0.033945272	0	0	0	0	0	0	0	0	0	0.043838863	0	0.009273772	0	0.01785437	0.049621465	0	0.032058163	0.1258314	0.038683656	0	0	0.015105027	0.059610608	0	0	0	0	0.029699867	0	0.049285095	0.01746633	0.033137435	0.022184105	0	0	0.029100663	0	0.040508254	0.006451132	0.001617871	0.011275814	0.028536141	0.045063801	0.010650437	0	0.02607665	0.009690421	0.041691156	0.05408019	0.003498482	0.01589458	0	0	0	0	0	0	0	0	0	0	0	0.030262037	0.042237386	0.020152761
